 1 30.5    34.6    26.1 南南西 
2 31.4    36.9    27.5 西
3 30.9    36.7    27.0 東
4 30.9    37.0    26.8 南東
5 30.9    36.6    26.9 東北東
6 30.5    37.5    26.1 南南西
7 29.0    34.5    25.0 南東
8 29.7    35.1    25.8 東南東
9 28.3    33.2    25.8 東北東
10 27.9    34.1    25.2 北東
11 29.3    34.7    24.1 南
12 26.9    30.1    25.3 南西
13 29.0    34.3    25.0 南西
14 29.6    33.1    26.7 西
15 30.1    34.1    27.1 西
16 30.6    35.3    26.1 西
17 30.5    36.3    26.3 西
18 31.3    37.0    25.9 北北東
19 31.4    37.4    27.2 北東
20 31.2    36.9    27.1 南東
21 30.7    36.7    27.3 西
22 30.9    37.3    26.5 北西
23 30.6    37.4    26.7 西
24 31.3    36.4    27.9 西
25 30.5    35.9    26.9 南
26 30.4    36.1    24.8 西
27 29.3    37.0    25.3 南南東
28 29.9    36.5    24.7 南南西
29 30.2    37.6    25.6 南西
30 29.5    35.0    24.9 南南西
31 30.4    35.9    25.4 南南西
