1,2,5,3,7,6,4,9,1,8,10,9,1,2,7,4,7,3,7,2,1,86,1,43,0,0,0,0,0,0
2,9,10,7,3,8,4,1,6,5,2,1,9,5,3,1,5,2,8,1,3,456,1,38,0,0,0,0,0,0
3,5,9,1,4,8,6,7,3,10,2,7,4,6,7,9,2,1,5,4,8,212,1,53,0,0,0,0,0,0
4,1,3,2,4,5,9,6,10,8,7,4,6,7,9,2,5,7,4,4,3,918,1,51,0,0,0,0,0,0
5,8,2,9,5,6,3,7,10,1,4,7,8,5,3,3,4,1,8,1,4,528,1,44,0,0,0,0,0,0
6,8,3,6,1,4,7,2,9,10,5,9,2,8,4,5,2,8,3,2,7,500,1,50,0,0,0,0,0,0
7,3,1,2,5,8,6,7,4,9,10,5,9,5,7,4,2,4,7,8,7,464,1,58,0,0,0,0,0,0
8,9,5,3,2,8,10,7,1,4,6,2,6,3,8,9,9,9,8,2,3,1062,1,59,0,0,0,0,0,0
9,3,9,6,1,8,4,2,7,5,10,9,2,3,1,5,2,6,1,1,7,666,1,37,0,0,0,0,0,0
10,7,4,1,6,2,10,5,3,9,8,2,8,7,3,7,8,7,5,8,5,960,1,60,0,0,0,0,0,0
11,3,9,6,1,5,8,10,7,4,2,8,7,7,3,1,5,7,3,5,5,204,1,51,0,0,0,0,0,0
12,8,6,4,7,10,3,9,2,1,5,6,9,3,1,1,5,1,6,2,1,630,1,35,0,0,0,0,0,0
13,4,6,2,10,8,3,5,7,1,9,7,5,2,2,7,9,6,7,5,7,912,1,57,0,0,0,0,0,0
14,2,7,3,9,6,5,1,4,8,10,5,9,8,3,7,6,2,5,6,4,660,1,55,0,0,0,0,0,0
15,6,3,10,1,9,4,7,2,8,5,4,5,4,2,7,4,6,8,2,1,344,1,43,0,0,0,0,0,0
16,7,3,10,4,9,6,1,8,2,5,9,1,9,2,6,2,6,9,4,3,102,1,51,0,0,0,0,0,0
17,7,8,4,10,6,3,9,5,2,1,5,5,7,4,9,9,4,2,6,1,104,1,52,0,0,0,0,0,0
18,5,3,2,10,8,4,9,1,6,7,3,5,3,9,5,2,7,8,4,5,408,1,51,0,0,0,0,0,0
19,10,2,3,4,6,9,8,1,7,5,6,9,4,1,5,2,4,3,2,3,156,1,39,0,0,0,0,0,0
20,3,10,1,9,4,8,5,2,7,6,4,5,4,1,9,9,7,5,9,1,216,1,54,0,0,0,0,0,0
21,10,4,7,9,8,5,2,3,1,6,8,4,6,3,4,2,9,5,6,6,1060,1,53,0,0,0,0,0,0
22,4,6,2,8,7,5,3,10,1,9,8,5,5,6,1,2,3,3,7,7,470,1,47,0,0,0,0,0,0
23,4,3,10,7,1,8,5,9,6,2,1,9,2,1,9,6,2,1,7,3,164,1,41,0,0,0,0,0,0
24,4,5,8,9,3,1,7,6,2,10,8,6,4,7,8,8,2,1,7,6,114,1,57,0,0,0,0,0,0
25,4,10,9,7,8,5,6,1,3,2,4,9,1,4,2,5,3,6,1,6,82,1,41,0,0,0,0,0,0
26,9,7,4,8,10,3,5,1,6,2,9,1,2,1,8,3,3,3,3,9,336,1,42,0,0,0,0,0,0
27,7,5,2,8,4,1,9,6,3,10,4,6,7,4,4,7,2,4,2,2,504,1,42,0,0,0,0,0,0
28,9,1,6,4,10,5,2,3,7,8,3,9,7,1,7,4,2,8,6,2,588,1,49,0,0,0,0,0,0
29,1,6,4,9,5,3,7,10,2,8,8,2,2,9,6,9,5,7,3,5,784,1,56,0,0,0,0,0,0
30,8,1,3,10,5,4,2,9,6,7,7,7,6,2,6,2,1,3,8,1,602,1,43,0,0,0,0,0,0
31,9,10,6,8,7,3,1,4,2,5,8,5,4,1,9,4,2,8,6,8,220,1,55,0,0,0,0,0,0
32,5,1,8,4,2,6,10,7,9,3,3,4,7,9,8,5,2,6,7,9,840,1,60,0,0,0,0,0,0
33,3,10,6,7,2,1,5,9,4,8,9,2,5,6,7,4,1,9,5,8,560,1,56,0,0,0,0,0,0
34,2,6,4,3,1,10,5,7,9,8,6,1,9,5,4,6,3,9,2,2,376,1,47,0,0,0,0,0,0
35,5,1,9,7,8,10,4,2,6,3,5,1,5,4,6,1,9,1,3,5,80,1,40,0,0,0,0,0,0
36,7,6,2,5,4,10,1,8,9,3,6,9,9,8,9,8,7,6,9,2,1022,1,73,0,0,0,0,0,0
37,3,9,7,4,10,6,2,8,1,5,4,3,7,3,8,5,7,4,7,2,800,1,50,0,0,0,0,0,0
38,2,9,1,10,4,3,7,6,5,8,2,3,6,3,1,9,1,7,3,6,738,1,41,0,0,0,0,0,0
39,2,6,1,8,3,10,5,9,4,7,4,7,2,9,7,3,7,2,3,7,612,1,51,0,0,0,0,0,0
40,1,5,3,4,2,7,8,9,6,10,6,5,8,5,1,1,6,1,1,6,320,1,40,0,0,0,0,0,0
41,5,2,9,1,3,8,6,10,7,4,7,9,2,2,3,2,5,4,6,1,738,1,41,0,0,0,0,0,0
42,7,2,3,6,10,9,4,5,1,8,5,3,7,7,3,8,9,6,4,5,912,1,57,0,0,0,0,0,0
43,5,8,6,2,10,4,7,1,9,3,5,5,6,1,3,4,6,9,4,8,1020,1,51,0,0,0,0,0,0
44,7,10,6,9,1,8,3,4,5,2,5,6,9,5,6,9,9,6,7,6,1360,1,68,0,0,0,0,0,0
45,8,7,4,1,9,3,6,2,5,10,3,9,2,9,9,2,8,3,3,9,684,1,57,0,0,0,0,0,0
46,8,6,4,7,1,9,3,5,2,10,7,2,8,4,3,6,8,9,8,1,224,1,56,0,0,0,0,0,0
47,2,1,3,9,4,7,8,5,10,6,7,1,8,2,8,9,9,2,1,5,520,1,52,0,0,0,0,0,0
48,6,3,10,4,2,8,7,5,1,9,2,6,3,6,5,7,4,3,2,4,252,1,42,0,0,0,0,0,0
49,6,7,4,2,3,8,1,9,10,5,4,1,7,4,8,3,3,2,4,7,774,1,43,0,0,0,0,0,0
50,6,4,2,10,9,1,7,8,5,3,1,1,6,7,5,9,9,9,3,4,324,1,54,0,0,0,0,0,0
51,4,5,1,8,2,3,9,10,6,7,2,4,8,8,7,9,6,6,8,6,1024,1,64,0,0,0,0,0,0
52,7,4,9,3,5,8,6,2,1,10,6,8,4,5,8,2,8,5,9,1,1008,1,56,0,0,0,0,0,0
53,10,4,3,9,1,7,5,2,8,6,2,8,4,1,2,8,5,8,8,5,1020,1,51,0,0,0,0,0,0
54,4,5,9,3,1,2,7,6,10,8,9,7,8,1,6,6,1,6,4,2,1000,1,50,0,0,0,0,0,0
55,8,6,10,2,4,9,7,3,1,5,7,7,1,1,7,8,1,4,4,7,658,1,47,0,0,0,0,0,0
56,10,3,2,1,6,5,7,9,8,4,4,1,5,3,9,2,6,2,2,2,288,1,36,0,0,0,0,0,0
57,4,3,2,10,9,8,5,1,6,7,8,9,8,2,1,9,4,6,7,9,378,1,63,0,0,0,0,0,0
58,10,2,9,6,5,7,8,1,3,4,3,1,1,5,8,4,6,5,1,9,258,1,43,0,0,0,0,0,0
59,2,8,1,10,7,9,3,6,5,4,3,4,5,7,8,9,9,3,5,7,1080,1,60,0,0,0,0,0,0
60,8,1,6,5,4,9,3,7,2,10,3,8,1,6,5,7,6,2,4,6,96,1,48,0,0,0,0,0,0
61,8,9,3,1,2,6,4,10,7,5,9,5,5,3,1,4,8,9,6,3,424,1,53,0,0,0,0,0,0
62,9,5,1,7,8,2,3,10,6,4,9,4,7,8,8,3,2,8,2,6,114,1,57,0,0,0,0,0,0
63,6,9,10,1,7,4,3,2,8,5,7,9,8,1,6,7,3,7,1,4,742,1,53,0,0,0,0,0,0
64,6,9,10,5,2,3,1,8,7,4,6,3,8,7,6,7,9,5,8,2,122,1,61,0,0,0,0,0,0
65,6,7,2,3,10,5,8,9,1,4,3,9,9,1,6,8,3,7,3,9,116,1,58,0,0,0,0,0,0
66,9,5,6,1,2,8,10,3,4,7,1,2,6,8,6,2,7,2,1,4,780,1,39,0,0,0,0,0,0
67,5,8,4,7,6,2,1,3,10,9,6,6,5,6,7,3,9,8,9,7,396,1,66,0,0,0,0,0,0
68,4,6,10,8,5,7,1,3,2,9,7,8,8,8,9,1,9,7,8,5,420,1,70,0,0,0,0,0,0
69,5,10,3,8,7,9,2,1,4,6,6,6,9,2,9,3,7,6,9,5,744,1,62,0,0,0,0,0,0
70,8,7,9,4,3,1,6,2,10,5,9,8,5,4,3,5,2,3,2,6,658,1,47,0,0,0,0,0,0
71,5,3,8,10,9,2,7,6,1,4,3,4,2,8,2,4,5,5,2,8,774,1,43,0,0,0,0,0,0
72,9,2,10,8,4,7,3,6,1,5,8,1,7,6,5,8,4,2,8,3,832,1,52,0,0,0,0,0,0
73,5,3,8,10,9,2,4,7,1,6,8,5,7,6,5,5,6,2,4,4,520,1,52,0,0,0,0,0,0
74,3,2,4,7,9,8,1,5,6,10,8,6,4,7,4,9,5,4,6,8,366,1,61,0,0,0,0,0,0
75,10,1,4,6,9,8,3,7,2,5,7,1,2,7,6,1,4,2,8,3,656,1,41,0,0,0,0,0,0
76,4,6,3,2,10,7,9,5,8,1,1,3,9,6,9,6,9,1,6,7,570,1,57,0,0,0,0,0,0
77,10,2,8,5,3,9,1,4,6,7,9,8,8,5,6,1,3,1,3,2,460,1,46,0,0,0,0,0,0
78,10,7,4,5,1,2,3,9,6,8,3,6,4,5,5,5,5,6,3,4,920,1,46,0,0,0,0,0,0
79,9,3,8,2,5,4,10,6,7,1,3,8,5,4,5,8,7,2,2,8,832,1,52,0,0,0,0,0,0
80,2,3,7,6,8,10,9,1,4,5,2,7,3,9,5,3,7,8,7,1,208,1,52,0,0,0,0,0,0
81,7,3,9,2,6,4,10,1,8,5,3,5,7,1,1,1,2,1,2,2,300,1,25,0,0,0,0,0,0
82,8,7,4,2,9,10,1,6,5,3,5,6,4,8,3,6,6,5,5,5,424,1,53,0,0,0,0,0,0
83,1,3,2,6,5,4,8,10,7,9,4,4,4,7,9,9,6,1,9,2,880,1,55,0,0,0,0,0,0
84,2,5,1,6,7,9,4,3,10,8,2,1,6,8,9,5,4,7,9,3,756,1,54,0,0,0,0,0,0
85,2,10,3,4,6,5,1,8,9,7,1,4,3,5,6,5,7,9,9,7,672,1,56,0,0,0,0,0,0
86,8,10,9,6,1,7,5,3,2,4,5,3,3,3,8,8,5,7,8,6,448,1,56,0,0,0,0,0,0
87,3,8,1,9,4,2,10,7,6,5,2,8,9,7,9,3,8,9,5,9,276,1,69,0,0,0,0,0,0
88,8,6,7,3,10,1,2,5,9,4,5,6,3,6,4,5,7,9,2,9,336,1,56,0,0,0,0,0,0
89,5,10,1,2,8,4,7,9,6,3,6,2,4,9,3,5,7,3,7,5,510,1,51,0,0,0,0,0,0
90,4,7,8,9,10,6,5,2,1,3,6,4,9,6,6,2,8,7,1,2,918,1,51,0,0,0,0,0,0
91,4,1,9,2,10,8,7,5,6,3,3,9,3,4,7,3,2,3,9,3,552,1,46,0,0,0,0,0,0
92,4,3,9,1,8,7,6,5,2,10,7,2,1,2,1,6,7,3,5,4,760,1,38,0,0,0,0,0,0
93,9,5,8,3,10,7,4,1,2,6,1,4,5,6,5,4,2,7,5,2,656,1,41,0,0,0,0,0,0
94,8,5,7,1,2,10,6,4,9,3,9,8,8,4,4,6,7,6,7,1,480,1,60,0,0,0,0,0,0
95,2,7,6,9,5,3,8,10,1,4,5,2,4,8,9,2,1,5,2,5,172,1,43,0,0,0,0,0,0
96,8,1,2,3,4,10,7,6,9,5,6,6,1,7,1,1,1,9,7,7,644,1,46,0,0,0,0,0,0
97,1,8,3,7,9,10,5,4,2,6,5,6,7,8,2,8,9,7,5,8,650,1,65,0,0,0,0,0,0
98,5,8,7,6,3,4,2,1,10,9,2,6,5,7,8,2,3,6,2,8,98,1,49,0,0,0,0,0,0
99,1,10,4,3,5,2,6,8,9,7,3,5,4,1,3,2,6,9,2,7,588,1,42,0,0,0,0,0,0
100,2,1,3,5,4,8,9,7,6,10,1,6,1,9,2,9,1,8,7,6,600,1,50,0,0,0,0,0,0
